255 255 255 255 255 255 255 255 255 255 255 255 255 255 255 255
255  86  47  47  47  60 125 216 203 112  73  47  47  47  73 255
255  47 219 159 207  15 195 147  23 189  31 213 159 213  31 255
255  47 159   0 127  15  95  47  63  79  31 143   0 143  31 255
255  47 207 127 191  15 175 127 127 167  31 199 127 199  31 255
255  60  15  15  15  30 105 210 183  79  45  15  15  15  45 255
255 125  95  95 255 105 155  95 143 139 235 185  95 185 115 255
255 255  29   0 127 210 125  47  47 190 229  20 207  26  31 255
255 255 111  11  31 183 183  99 111 255 255  27 191 227 199 255
255 255 189  79 167  79 139   0   0  24  79 121  79 111 255 255
255  73  31  31  31  45 235   0   0 163  31  17 255 111 255 255
255  47 213 143 199  15 255   0 107  34 237 255 111   0 129 255
255  47 159   0 127  15  95 207 191   0 223 255 255 111 255 255
255  47 213 143 199  15  95 164  63  98   0 255 143 255 129 255
255  73  31  31  31  45 115 255 255 101  59  31 255 157 255 255
255 255 255 255 255 255 255 255 255 255 255 255 255 255 255 255
255 255 255 255 255 255 255 255 255 255 255 255 255 255 255 255
255  86  47  47  47  60 125 216 203 112  73  47  47  47  73 255
255  47 219 159 207  15 195 147  23 189  31 213 159 213  31 255
255  47 159   0 127  15  95  47  63  79  31 143   0 143  31 255
255  47 207 127 191  15 175 127 127 167  31 199 127 199  31 255
255  60  15  15  15  30 105 210 183  79  45  15  15  15  45 255
255 125  95  95 255 105 155  95 143 139 235 185  95 185 115 255
255 255  29   0 127 210 125  47  47 190 229  20 207  26  31 255
255 255 111  11  31 183 183  99 111 255 255  27 191 227 199 255
255 255 189  79 167  79 139   0   0  24  79 121  79 111 255 255
255  73  31  31  31  45 235   0   0 163  31  17 255 111 255 255
255  47 213 143 199  15 255   0 107  34 237 255 111   0 129 255
255  47 159   0 127  15  95 207 191   0 223 255 255 111 255 255
255  47 213 143 199  15  95 164  63  98   0 255 143 255 129 255
255  73  31  31  31  45 115 255 255 101  59  31 255 157 255 255
255 255 255 255 255 255 255 255 255 255 255 255 255 255 255 255
255 255 255 255 255 255 255 255 255 255 255 255 255 255 255 255
255  86  47  47  47  60 125 216 203 112  73  47  47  47  73 255
255  47 219 159 207  15 195 147  23 189  31 213 159 213  31 255
255  47 159   0 127  15  95  47  63  79  31 143   0 143  31 255
255  47 207 127 191  15 175 127 127 167  31 199 127 199  31 255
255  60  15  15  15  30 105 210 183  79  45  15  15  15  45 255
255 125  95  95 255 105 155  95 143 139 235 185  95 185 115 255
255 255  29   0 127 210 125  47  47 190 229  20 207  26  31 255
255 255 111  11  31 183 183  99 111 255 255  27 191 227 199 255
255 255 189  79 167  79 139   0   0  24  79 121  79 111 255 255
255  73  31  31  31  45 235   0   0 163  31  17 255 111 255 255
255  47 213 143 199  15 255   0 107  34 237 255 111   0 129 255
255  47 159   0 127  15  95 207 191   0 223 255 255 111 255 255
255  47 213 143 199  15  95 164  63  98   0 255 143 255 129 255
255  73  31  31  31  45 115 255 255 101  59  31 255 157 255 255
255 255 255 255 255 255 255 255 255 255 255 255 255 255 255 255

255 255 255 255 255 255 255 255 255 255 255 255 255 255 255 255
255  73  40  40  40  60 114  40 208 255 255 141 255 127 255 255
255  40 213 151 206  24 187  33 232 104 104   0 108 255 168 255
255  40 151   0 135  24  88 193 199  93 255 116 247 155 248 255
255  40 206 135 199  24 177  26  26 125  13 255 255 255  40 255
255  60  24  24  24  46 239 236 255  88  24 242 224   0  60 255
255 114 187  88 177  88 140 187 255  30 160  41   0  99 114 255
255 208  23  56 120 186 150  56  99   0   0 106 195  56 255 255
255 208 141  56 120 204  88  56  99   0   0   0 195 174 255 255
255 114 187  88 177 103 145 124 187 140 239 255  88  88 114 255
255  60  24  24  24  46 103 204 186  88  46  24  24  24  60 255
255  40 206 135 199  24 255 132  26 166  24 199 135 206  40 255
255  40 151   0 135  24  88   0   6  88  24 135   0 151  40 255
255  40 213 151 206  24  88  33 114 187  24 206 151 213  40 255
255  73  40  40  40  60 114 255 255 255  60  40  40  40  73 255
255 255 255 255 255 255 255 255 255 255 255 255 255 255 255 255
255 255 255 255 255 255 255 255 255 255 255 255 255 255 255 255
255  73  40  40  40  60 114  40 208 255 255 141 255 127 255 255
255  40 213 151 206  24 187  33 232 104 104   0 108 255 168 255
255  40 151   0 135  24  88 193 199  93 255 116 247 155 248 255
255  40 206 135 199  24 177  26  26 125  13 255 255 255  40 255
255  60  24  24  24  46 239 236 255  88  24 242 224   0  60 255
255 114 187  88 177  88 140 187 255  30 160  41   0  99 114 255
255 208  23  56 120 186 150  56  99   0   0 106 195  56 255 255
255 208 141  56 120 204  88  56  99   0   0   0 195 174 255 255
255 114 187  88 177 103 145 124 187 140 239 255  88  88 114 255
255  60  24  24  24  46 103 204 186  88  46  24  24  24  60 255
255  40 206 135 199  24 255 132  26 166  24 199 135 206  40 255
255  40 151   0 135  24  88   0   6  88  24 135   0 151  40 255
255  40 213 151 206  24  88  33 114 187  24 206 151 213  40 255
255  73  40  40  40  60 114 255 255 255  60  40  40  40  73 255
255 255 255 255 255 255 255 255 255 255 255 255 255 255 255 255
255 255 255 255 255 255 255 255 255 255 255 255 255 255 255 255
255  73  40  40  40  60 114  40 208 255 255 141 255 127 255 255
255  40 213 151 206  24 187  33 232 104 104   0 108 255 168 255
255  40 151   0 135  24  88 193 199  93 255 116 247 155 248 255
255  40 206 135 199  24 177  26  26 125  13 255 255 255  40 255
255  60  24  24  24  46 239 236 255  88  24 242 224   0  60 255
255 114 187  88 177  88 140 187 255  30 160  41   0  99 114 255
255 208  23  56 120 186 150  56  99   0   0 106 195  56 255 255
255 208 141  56 120 204  88  56  99   0   0   0 195 174 255 255
255 114 187  88 177 103 145 124 187 140 239 255  88  88 114 255
255  60  24  24  24  46 103 204 186  88  46  24  24  24  60 255
255  40 206 135 199  24 255 132  26 166  24 199 135 206  40 255
255  40 151   0 135  24  88   0   6  88  24 135   0 151  40 255
255  40 213 151 206  24  88  33 114 187  24 206 151 213  40 255
255  73  40  40  40  60 114 255 255 255  60  40  40  40  73 255
255 255 255 255 255 255 255 255 255 255 255 255 255 255 255 255

255 255 255 255 255 255 255 255 255 255 255 255 255 255 255 255
255 255 168 248  40  60 114 255 255 114  60  40  40  40  73 255
255 127 255 155 255   0  99  56 174  88  24 206 151 213  40 255
255 255 108 247 255 224   0 195 195  88  24 135   0 151  40 255
255 141   0 116 255 242  41 106   0 255  24 199 135 206  40 255
255 255 104 255  13  24 160   0   0 239  46  24  24  24  60 255
255 255 104  93 125  88  30   0   0 140  88 166  88 187 255 255
255 208 232 199  26 255 255  99  99 187 186  26   6 114 255 255
255  40  33 193  26 236 187  56  56 124 204 132   0  33 255 255
255 114 187  88 177 239 140 150  88 145 103 255  88  88 114 255
255  60  24  24  24  46  88 186 204 103  46  24  24  24  60 255
255  40 206 135 199  24 177 120 120 177  24 199 135 206  40 255
255  40 151   0 135  24  88  56  56  88  24 135   0 151  40 255
255  40 213 151 206  24 187  23 141 187  24 206 151 213  40 255
255  73  40  40  40  60 114 208 208 114  60  40  40  40  73 255
255 255 255 255 255 255 255 255 255 255 255 255 255 255 255 255
255 255 255 255 255 255 255 255 255 255 255 255 255 255 255 255
255 255 168 248  40  60 114 255 255 114  60  40  40  40  73 255
255 127 255 155 255   0  99  56 174  88  24 206 151 213  40 255
255 255 108 247 255 224   0 195 195  88  24 135   0 151  40 255
255 141   0 116 255 242  41 106   0 255  24 199 135 206  40 255
255 255 104 255  13  24 160   0   0 239  46  24  24  24  60 255
255 255 104  93 125  88  30   0   0 140  88 166  88 187 255 255
255 208 232 199  26 255 255  99  99 187 186  26   6 114 255 255
255  40  33 193  26 236 187  56  56 124 204 132   0  33 255 255
255 114 187  88 177 239 140 150  88 145 103 255  88  88 114 255
255  60  24  24  24  46  88 186 204 103  46  24  24  24  60 255
255  40 206 135 199  24 177 120 120 177  24 199 135 206  40 255
255  40 151   0 135  24  88  56  56  88  24 135   0 151  40 255
255  40 213 151 206  24 187  23 141 187  24 206 151 213  40 255
255  73  40  40  40  60 114 208 208 114  60  40  40  40  73 255
255 255 255 255 255 255 255 255 255 255 255 255 255 255 255 255
255 255 255 255 255 255 255 255 255 255 255 255 255 255 255 255
255 255 168 248  40  60 114 255 255 114  60  40  40  40  73 255
255 127 255 155 255   0  99  56 174  88  24 206 151 213  40 255
255 255 108 247 255 224   0 195 195  88  24 135   0 151  40 255
255 141   0 116 255 242  41 106   0 255  24 199 135 206  40 255
255 255 104 255  13  24 160   0   0 239  46  24  24  24  60 255
255 255 104  93 125  88  30   0   0 140  88 166  88 187 255 255
255 208 232 199  26 255 255  99  99 187 186  26   6 114 255 255
255  40  33 193  26 236 187  56  56 124 204 132   0  33 255 255
255 114 187  88 177 239 140 150  88 145 103 255  88  88 114 255
255  60  24  24  24  46  88 186 204 103  46  24  24  24  60 255
255  40 206 135 199  24 177 120 120 177  24 199 135 206  40 255
255  40 151   0 135  24  88  56  56  88  24 135   0 151  40 255
255  40 213 151 206  24 187  23 141 187  24 206 151 213  40 255
255  73  40  40  40  60 114 208 208 114  60  40  40  40  73 255
255 255 255 255 255 255 255 255 255 255 255 255 255 255 255 255

255 255 255 255 255 255 255 255 255 255 255 255 255 255 255 255
255  73  40  40  40  60 255 255 255 114  60  40  40  40  73 255
255  40 213 151 206  24 187 114  33  88  24 206 151 213  40 255
255  40 151   0 135  24  88   6   0  88  24 135   0 151  40 255
255  40 206 135 199  24 166  26 132 255  24 199 135 206  40 255
255  60  24  24  24  46  88 186 204 103  46  24  24  24  60 255
255 114  88  88 255 239 140 187 124 145 103 177  88 187 114 255
255 255 174 195   0   0   0  99  56  88 204 120  56 141 208 255
255 255  56 195 106   0   0  99  56 150 186 120  56  23 208 255
255 114  99   0  41 160  30 255 187 140  88 177  88 187 114 255
255  60   0 224 242  24  88 255 236 239  46  24  24  24  60 255
255  40 255 255 255  13 125  26  26 177  24 199 135 206  40 255
255 248 155 247 116 255  93 199 193  88  24 135   0 151  40 255
255 168 255 108   0 104 104 232  33 187  24 206 151 213  40 255
255 255 127 255 141 255 255 208  40 114  60  40  40  40  73 255
255 255 255 255 255 255 255 255 255 255 255 255 255 255 255 255
255 255 255 255 255 255 255 255 255 255 255 255 255 255 255 255
255  73  40  40  40  60 255 255 255 114  60  40  40  40  73 255
255  40 213 151 206  24 187 114  33  88  24 206 151 213  40 255
255  40 151   0 135  24  88   6   0  88  24 135   0 151  40 255
255  40 206 135 199  24 166  26 132 255  24 199 135 206  40 255
255  60  24  24  24  46  88 186 204 103  46  24  24  24  60 255
255 114  88  88 255 239 140 187 124 145 103 177  88 187 114 255
255 255 174 195   0   0   0  99  56  88 204 120  56 141 208 255
255 255  56 195 106   0   0  99  56 150 186 120  56  23 208 255
255 114  99   0  41 160  30 255 187 140  88 177  88 187 114 255
255  60   0 224 242  24  88 255 236 239  46  24  24  24  60 255
255  40 255 255 255  13 125  26  26 177  24 199 135 206  40 255
255 248 155 247 116 255  93 199 193  88  24 135   0 151  40 255
255 168 255 108   0 104 104 232  33 187  24 206 151 213  40 255
255 255 127 255 141 255 255 208  40 114  60  40  40  40  73 255
255 255 255 255 255 255 255 255 255 255 255 255 255 255 255 255
255 255 255 255 255 255 255 255 255 255 255 255 255 255 255 255
255  73  40  40  40  60 255 255 255 114  60  40  40  40  73 255
255  40 213 151 206  24 187 114  33  88  24 206 151 213  40 255
255  40 151   0 135  24  88   6   0  88  24 135   0 151  40 255
255  40 206 135 199  24 166  26 132 255  24 199 135 206  40 255
255  60  24  24  24  46  88 186 204 103  46  24  24  24  60 255
255 114  88  88 255 239 140 187 124 145 103 177  88 187 114 255
255 255 174 195   0   0   0  99  56  88 204 120  56 141 208 255
255 255  56 195 106   0   0  99  56 150 186 120  56  23 208 255
255 114  99   0  41 160  30 255 187 140  88 177  88 187 114 255
255  60   0 224 242  24  88 255 236 239  46  24  24  24  60 255
255  40 255 255 255  13 125  26  26 177  24 199 135 206  40 255
255 248 155 247 116 255  93 199 193  88  24 135   0 151  40 255
255 168 255 108   0 104 104 232  33 187  24 206 151 213  40 255
255 255 127 255 141 255 255 208  40 114  60  40  40  40  73 255
255 255 255 255 255 255 255 255 255 255 255 255 255 255 255 255
