255 255 255 255 255 255 255 255 255 255 255 255 255 255 255 255
255  86  47  47  47  60 255  47  47 255  73  47  47  47  73 255
255  47 219 159 207  15  95 159  39 255  31 213 159 213  31 255
255  47 159   0 127  15 245   0 179 255  31 143   0 143  31 255
255  47 207 127 191  15  95 103  95 255  31 199 127 199  31 255
255  60  15  15  15  30  95 194 179  79  45  15  15  15  45 255
255 125 155 105 255  95 135 129 119  79 115  95 255  95 255 255
255  47 225  60 207 207 107 207 155  79 255 164 255 138  31 255
255  47 143  63 191 191 111  51 143  19  63  63  63 147 199 255
255 255 189  79 167  90  95 255 255 145 163  79 255 156 185 255
255  73  31  31  31  45  95 213 199  79 227 157  31 129 227 255
255  47 213 143 199  15 255  26 143  34 237  48 255 192 157 255
255  47 159   0 127  15  95 255 255  79  31 143   0 255  31 255
255  47 213 143 199  15 165  47 171  34 237 125 255 206 157 255
255  73  31  31  31  45 115 213  31  31  31 129  31 129 255 255
255 255 255 255 255 255 255 255 255 255 255 255 255 255 255 255
255 255 255 255 255 255 255 255 255 255 255 255 255 255 255 255
255  86  47  47  47  60 255  47  47 255  73  47  47  47  73 255
255  47 219 159 207  15  95 159  39 255  31 213 159 213  31 255
255  47 159   0 127  15 245   0 179 255  31 143   0 143  31 255
255  47 207 127 191  15  95 103  95 255  31 199 127 199  31 255
255  60  15  15  15  30  95 194 179  79  45  15  15  15  45 255
255 125 155 105 255  95 135 129 119  79 115  95 255  95 255 255
255  47 225  60 207 207 107 207 155  79 255 164 255 138  31 255
255  47 143  63 191 191 111  51 143  19  63  63  63 147 199 255
255 255 189  79 167  90  95 255 255 145 163  79 255 156 185 255
255  73  31  31  31  45  95 213 199  79 227 157  31 129 227 255
255  47 213 143 199  15 255  26 143  34 237  48 255 192 157 255
255  47 159   0 127  15  95 255 255  79  31 143   0 255  31 255
255  47 213 143 199  15 165  47 171  34 237 125 255 206 157 255
255  73  31  31  31  45 115 213  31  31  31 129  31 129 255 255
255 255 255 255 255 255 255 255 255 255 255 255 255 255 255 255
255 255 255 255 255 255 255 255 255 255 255 255 255 255 255 255
255  86  47  47  47  60 255  47  47 255  73  47  47  47  73 255
255  47 219 159 207  15  95 159  39 255  31 213 159 213  31 255
255  47 159   0 127  15 245   0 179 255  31 143   0 143  31 255
255  47 207 127 191  15  95 103  95 255  31 199 127 199  31 255
255  60  15  15  15  30  95 194 179  79  45  15  15  15  45 255
255 125 155 105 255  95 135 129 119  79 115  95 255  95 255 255
255  47 225  60 207 207 107 207 155  79 255 164 255 138  31 255
255  47 143  63 191 191 111  51 143  19  63  63  63 147 199 255
255 255 189  79 167  90  95 255 255 145 163  79 255 156 185 255
255  73  31  31  31  45  95 213 199  79 227 157  31 129 227 255
255  47 213 143 199  15 255  26 143  34 237  48 255 192 157 255
255  47 159   0 127  15  95 255 255  79  31 143   0 255  31 255
255  47 213 143 199  15 165  47 171  34 237 125 255 206 157 255
255  73  31  31  31  45 115 213  31  31  31 129  31 129 255 255
255 255 255 255 255 255 255 255 255 255 255 255 255 255 255 255

255 255 255 255 255 255 255 255 255 255 255 255 255 255 255 255
255  73  40  40  40  60 255  40 208 181 235 154  40 168 255 255
255  40 213 151 206  24  88 137 137 156 118 184 252 213 127 255
255  40 151   0 135  24 250 255  62 255  31 255  15 252  47 255
255  40 206 135 199  24  88 162  56  88 147  56 135 126 141 255
255  60  24  24  24  46 103 255  56 160 233 242  31 241  40 255
255 255 255 255 255  88  88  88  19 140  88  41  88  36  40 255
255  40  33 193 106 181 131 156 156 255 204 135 249 174  40 255
255  40 151   0  93 181 131 199  44 255 204  30 249  56 208 255
255 255  88 250  88  88 140 105 105  88  88 255  93 156 114 255
255  60  24  24  24  46  88 199 199 103  46  24  24  24  60 255
255  40 206 135 199  24 255 199 199 177  24 199 135 206  40 255
255  40 151   0 135  24  93  62  56  88  24 135   0 151  40 255
255  40 213 151 206  24 156 222 141 187  24 206 151 213  40 255
255  73  40  40  40  60 114  40  40 255  60  40  40  40  73 255
255 255 255 255 255 255 255 255 255 255 255 255 255 255 255 255
255 255 255 255 255 255 255 255 255 255 255 255 255 255 255 255
255  73  40  40  40  60 255  40 208 181 235 154  40 168 255 255
255  40 213 151 206  24  88 137 137 156 118 184 252 213 127 255
255  40 151   0 135  24 250 255  62 255  31 255  15 252  47 255
255  40 206 135 199  24  88 162  56  88 147  56 135 126 141 255
255  60  24  24  24  46 103 255  56 160 233 242  31 241  40 255
255 255 255 255 255  88  88  88  19 140  88  41  88  36  40 255
255  40  33 193 106 181 131 156 156 255 204 135 249 174  40 255
255  40 151   0  93 181 131 199  44 255 204  30 249  56 208 255
255 255  88 250  88  88 140 105 105  88  88 255  93 156 114 255
255  60  24  24  24  46  88 199 199 103  46  24  24  24  60 255
255  40 206 135 199  24 255 199 199 177  24 199 135 206  40 255
255  40 151   0 135  24  93  62  56  88  24 135   0 151  40 255
255  40 213 151 206  24 156 222 141 187  24 206 151 213  40 255
255  73  40  40  40  60 114  40  40 255  60  40  40  40  73 255
255 255 255 255 255 255 255 255 255 255 255 255 255 255 255 255
255 255 255 255 255 255 255 255 255 255 255 255 255 255 255 255
255  73  40  40  40  60 255  40 208 181 235 154  40 168 255 255
255  40 213 151 206  24  88 137 137 156 118 184 252 213 127 255
255  40 151   0 135  24 250 255  62 255  31 255  15 252  47 255
255  40 206 135 199  24  88 162  56  88 147  56 135 126 141 255
255  60  24  24  24  46 103 255  56 160 233 242  31 241  40 255
255 255 255 255 255  88  88  88  19 140  88  41  88  36  40 255
255  40  33 193 106 181 131 156 156 255 204 135 249 174  40 255
255  40 151   0  93 181 131 199  44 255 204  30 249  56 208 255
255 255  88 250  88  88 140 105 105  88  88 255  93 156 114 255
255  60  24  24  24  46  88 199 199 103  46  24  24  24  60 255
255  40 206 135 199  24 255 199 199 177  24 199 135 206  40 255
255  40 151   0 135  24  93  62  56  88  24 135   0 151  40 255
255  40 213 151 206  24 156 222 141 187  24 206 151 213  40 255
255  73  40  40  40  60 114  40  40 255  60  40  40  40  73 255
255 255 255 255 255 255 255 255 255 255 255 255 255 255 255 255

255 255 255 255 255 255 255 255 255 255 255 255 255 255 255 255
255 255 127  47 141  40  40  40 208 114  60  40  40  40  73 255
255 168 213 252 126 241  36 174  56 156  24 206 151 213  40 255
255  40 252  15 135  31  88 249 249  93  24 135   0 151  40 255
255 154 184 255  56 242  41 135  30 255  24 199 135 206  40 255
255 235 118  31 147 233  88 204 204  88  46  24  24  24  60 255
255 181 156 255  88 160 140 255 255  88 103 177  88 187 255 255
255 208 137  62  56  56  19 156  44 105 199 199  56 141  40 255
255  40 137 255 162 255  88 156 199 105 199 199  62 222  40 255
255 255  88 250  88 103  88 131 131 140  88 255  93 156 114 255
255  60  24  24  24  46  88 181 181  88  46  24  24  24  60 255
255  40 206 135 199  24 255 106  93  88  24 199 135 206  40 255
255  40 151   0 135  24 255 193   0 250  24 135   0 151  40 255
255  40 213 151 206  24 255  33 151  88  24 206 151 213  40 255
255  73  40  40  40  60 255  40  40 255  60  40  40  40  73 255
255 255 255 255 255 255 255 255 255 255 255 255 255 255 255 255
255 255 255 255 255 255 255 255 255 255 255 255 255 255 255 255
255 255 127  47 141  40  40  40 208 114  60  40  40  40  73 255
255 168 213 252 126 241  36 174  56 156  24 206 151 213  40 255
255  40 252  15 135  31  88 249 249  93  24 135   0 151  40 255
255 154 184 255  56 242  41 135  30 255  24 199 135 206  40 255
255 235 118  31 147 233  88 204 204  88  46  24  24  24  60 255
255 181 156 255  88 160 140 255 255  88 103 177  88 187 255 255
255 208 137  62  56  56  19 156  44 105 199 199  56 141  40 255
255  40 137 255 162 255  88 156 199 105 199 199  62 222  40 255
255 255  88 250  88 103  88 131 131 140  88 255  93 156 114 255
255  60  24  24  24  46  88 181 181  88  46  24  24  24  60 255
255  40 206 135 199  24 255 106  93  88  24 199 135 206  40 255
255  40 151   0 135  24 255 193   0 250  24 135   0 151  40 255
255  40 213 151 206  24 255  33 151  88  24 206 151 213  40 255
255  73  40  40  40  60 255  40  40 255  60  40  40  40  73 255
255 255 255 255 255 255 255 255 255 255 255 255 255 255 255 255
255 255 255 255 255 255 255 255 255 255 255 255 255 255 255 255
255 255 127  47 141  40  40  40 208 114  60  40  40  40  73 255
255 168 213 252 126 241  36 174  56 156  24 206 151 213  40 255
255  40 252  15 135  31  88 249 249  93  24 135   0 151  40 255
255 154 184 255  56 242  41 135  30 255  24 199 135 206  40 255
255 235 118  31 147 233  88 204 204  88  46  24  24  24  60 255
255 181 156 255  88 160 140 255 255  88 103 177  88 187 255 255
255 208 137  62  56  56  19 156  44 105 199 199  56 141  40 255
255  40 137 255 162 255  88 156 199 105 199 199  62 222  40 255
255 255  88 250  88 103  88 131 131 140  88 255  93 156 114 255
255  60  24  24  24  46  88 181 181  88  46  24  24  24  60 255
255  40 206 135 199  24 255 106  93  88  24 199 135 206  40 255
255  40 151   0 135  24 255 193   0 250  24 135   0 151  40 255
255  40 213 151 206  24 255  33 151  88  24 206 151 213  40 255
255  73  40  40  40  60 255  40  40 255  60  40  40  40  73 255
255 255 255 255 255 255 255 255 255 255 255 255 255 255 255 255

255 255 255 255 255 255 255 255 255 255 255 255 255 255 255 255
255  73  40  40  40  60 255  40  40 114  60  40  40  40  73 255
255  40 213 151 206  24 187 141 222 156  24 206 151 213  40 255
255  40 151   0 135  24  88  56  62  93  24 135   0 151  40 255
255  40 206 135 199  24 177 199 199 255  24 199 135 206  40 255
255  60  24  24  24  46 103 199 199  88  46  24  24  24  60 255
255 114 156  93 255  88  88 105 105 140  88  88 250  88 255 255
255 208  56 249  30 204 255  44 199 131 181  93   0 151  40 255
255  40 174 249 135 204 255 156 156 131 181 106 193  33  40 255
255  40  36  88  41  88 140  19  88  88  88 255 255 255 255 255
255  40 241  31 242 233 160  56 255 103  46  24  24  24  60 255
255 141 126 135  56 147  88  56 162  88  24 199 135 206  40 255
255  47 252  15 255  31 255  62 255 250  24 135   0 151  40 255
255 127 213 252 184 118 156 137 137  88  24 206 151 213  40 255
255 255 168  40 154 235 181 208  40 255  60  40  40  40  73 255
255 255 255 255 255 255 255 255 255 255 255 255 255 255 255 255
255 255 255 255 255 255 255 255 255 255 255 255 255 255 255 255
255  73  40  40  40  60 255  40  40 114  60  40  40  40  73 255
255  40 213 151 206  24 187 141 222 156  24 206 151 213  40 255
255  40 151   0 135  24  88  56  62  93  24 135   0 151  40 255
255  40 206 135 199  24 177 199 199 255  24 199 135 206  40 255
255  60  24  24  24  46 103 199 199  88  46  24  24  24  60 255
255 114 156  93 255  88  88 105 105 140  88  88 250  88 255 255
255 208  56 249  30 204 255  44 199 131 181  93   0 151  40 255
255  40 174 249 135 204 255 156 156 131 181 106 193  33  40 255
255  40  36  88  41  88 140  19  88  88  88 255 255 255 255 255
255  40 241  31 242 233 160  56 255 103  46  24  24  24  60 255
255 141 126 135  56 147  88  56 162  88  24 199 135 206  40 255
255  47 252  15 255  31 255  62 255 250  24 135   0 151  40 255
255 127 213 252 184 118 156 137 137  88  24 206 151 213  40 255
255 255 168  40 154 235 181 208  40 255  60  40  40  40  73 255
255 255 255 255 255 255 255 255 255 255 255 255 255 255 255 255
255 255 255 255 255 255 255 255 255 255 255 255 255 255 255 255
255  73  40  40  40  60 255  40  40 114  60  40  40  40  73 255
255  40 213 151 206  24 187 141 222 156  24 206 151 213  40 255
255  40 151   0 135  24  88  56  62  93  24 135   0 151  40 255
255  40 206 135 199  24 177 199 199 255  24 199 135 206  40 255
255  60  24  24  24  46 103 199 199  88  46  24  24  24  60 255
255 114 156  93 255  88  88 105 105 140  88  88 250  88 255 255
255 208  56 249  30 204 255  44 199 131 181  93   0 151  40 255
255  40 174 249 135 204 255 156 156 131 181 106 193  33  40 255
255  40  36  88  41  88 140  19  88  88  88 255 255 255 255 255
255  40 241  31 242 233 160  56 255 103  46  24  24  24  60 255
255 141 126 135  56 147  88  56 162  88  24 199 135 206  40 255
255  47 252  15 255  31 255  62 255 250  24 135   0 151  40 255
255 127 213 252 184 118 156 137 137  88  24 206 151 213  40 255
255 255 168  40 154 235 181 208  40 255  60  40  40  40  73 255
255 255 255 255 255 255 255 255 255 255 255 255 255 255 255 255
